

mul(884,758) 670072 670072
mul(971,475) 461225 1131297
mul(358,23) 8234 1139531
mul(459,784) 359856 1499387
mul(36,125) 4500 1503887
mul(26,486) 12636 1516523
mul(439,790) 346810 1863333
mul(721,171) 123291 1986624
mul(184,862) 158608 2145232
mul(222,883) 196026 2341258
mul(825,577) 476025 2817283
mul(240,453) 108720 2926003
mul(422,258) 108876 3034879
mul(437,905) 395485 3430364
mul(670,503) 337010 3767374
mul(979,674) 659846 4427220
mul(412,637) 262444 4689664
4689664
4689664
4689664
4689664
4689664
mul(528,4) 2112 4691776
mul(722,185) 133570 4825346
mul(922,184) 169648 4994994
mul(172,838) 144136 5139130
mul(784,897) 703248 5842378
mul(280,567) 158760 6001138
mul(491,379) 186089 6187227
mul(79,608) 48032 6235259
mul(892,927) 826884 7062143
mul(681,799) 544119 7606262
mul(79,235) 18565 7624827
mul(674,156) 105144 7729971
mul(332,74) 24568 7754539
mul(186,755) 140430 7894969
mul(65,13) 845 7895814
mul(334,303) 101202 7997016
mul(230,17) 3910 8000926
mul(673,345) 232185 8233111
mul(37,326) 12062 8245173
mul(119,45) 5355 8250528
mul(276,12) 3312 8253840
8253840
8253840
8253840
8253840
mul(103,378) 38934 8292774
mul(458,652) 298616 8591390
8591390
8591390
8591390
mul(357,878) 313446 8904836
mul(61,265) 16165 8921001
mul(578,695) 401710 9322711
mul(436,41) 17876 9340587
mul(938,646) 605948 9946535
mul(32,156) 4992 9951527
mul(447,680) 303960 10255487
mul(317,162) 51354 10306841
mul(13,671) 8723 10315564
mul(309,369) 114021 10429585
mul(249,325) 80925 10510510
mul(102,356) 36312 10546822
mul(55,153) 8415 10555237
mul(945,918) 867510 11422747
11422747
11422747
11422747
mul(278,249) 69222 11491969
mul(276,375) 103500 11595469
11595469
11595469
11595469
mul(307,28) 8596 11604065
mul(510,402) 205020 11809085
mul(260,461) 119860 11928945
mul(229,636) 145644 12074589
mul(498,962) 479076 12553665
mul(484,377) 182468 12736133
mul(226,984) 222384 12958517
mul(677,790) 534830 13493347
13493347
13493347
mul(752,67) 50384 13543731
mul(344,833) 286552 13830283
mul(601,124) 74524 13904807
mul(375,322) 120750 14025557
mul(477,697) 332469 14358026
mul(596,223) 132908 14490934
mul(860,132) 113520 14604454
mul(600,137) 82200 14686654
mul(216,806) 174096 14860750
mul(373,681) 254013 15114763
mul(349,138) 48162 15162925
15162925
15162925
15162925
15162925
15162925
mul(772,725) 559700 15722625
mul(464,901) 418064 16140689
mul(558,885) 493830 16634519
mul(373,741) 276393 16910912
mul(717,894) 640998 17551910
mul(864,646) 558144 18110054
mul(490,329) 161210 18271264
mul(528,726) 383328 18654592
mul(223,265) 59095 18713687
mul(343,632) 216776 18930463
mul(809,361) 292049 19222512
mul(300,959) 287700 19510212
mul(88,356) 31328 19541540
mul(250,169) 42250 19583790
mul(772,338) 260936 19844726
mul(689,701) 482989 20327715
mul(134,725) 97150 20424865
mul(376,251) 94376 20519241
mul(232,864) 200448 20719689
mul(404,402) 162408 20882097
20882097
20882097
20882097
mul(884,447) 395148 21277245
mul(245,693) 169785 21447030
mul(341,440) 150040 21597070
mul(836,261) 218196 21815266
mul(855,264) 225720 22040986
mul(445,237) 105465 22146451
mul(694,566) 392804 22539255
mul(149,756) 112644 22651899
mul(52,518) 26936 22678835
mul(476,778) 370328 23049163
mul(317,462) 146454 23195617
mul(556,241) 133996 23329613
mul(37,135) 4995 23334608
mul(462,741) 342342 23676950
mul(758,786) 595788 24272738
mul(288,131) 37728 24310466
24310466
24310466
24310466
mul(120,234) 28080 24338546
mul(12,755) 9060 24347606
mul(616,813) 500808 24848414
mul(941,163) 153383 25001797
mul(578,90) 52020 25053817
mul(947,324) 306828 25360645
mul(336,395) 132720 25493365
mul(725,706) 511850 26005215
mul(820,146) 119720 26124935
mul(39,740) 28860 26153795
mul(150,698) 104700 26258495
mul(726,469) 340494 26598989
mul(584,505) 294920 26893909
mul(824,186) 153264 27047173
mul(330,957) 315810 27362983
mul(204,391) 79764 27442747
mul(368,238) 87584 27530331
mul(804,334) 268536 27798867
mul(678,242) 164076 27962943
mul(236,521) 122956 28085899
mul(631,328) 206968 28292867
mul(726,867) 629442 28922309
mul(419,860) 360340 29282649
mul(265,505) 133825 29416474
mul(974,931) 906794 30323268
mul(90,923) 83070 30406338
mul(743,393) 291999 30698337
mul(547,615) 336405 31034742
mul(570,502) 286140 31320882
31320882
31320882
31320882
31320882
31320882
mul(886,924) 818664 32139546
mul(144,418) 60192 32199738
mul(318,781) 248358 32448096
mul(192,929) 178368 32626464
mul(229,941) 215489 32841953
mul(973,416) 404768 33246721
mul(177,969) 171513 33418234
mul(273,730) 199290 33617524
33617524
33617524
mul(710,971) 689410 34306934
mul(436,577) 251572 34558506
mul(302,395) 119290 34677796
34677796
34677796
mul(349,117) 40833 34718629
mul(304,66) 20064 34738693
mul(598,654) 391092 35129785
mul(660,67) 44220 35174005
mul(977,328) 320456 35494461
mul(728,941) 685048 36179509
mul(874,428) 374072 36553581
mul(789,631) 497859 37051440
mul(704,887) 624448 37675888
mul(53,94) 4982 37680870
mul(455,519) 236145 37917015
mul(385,498) 191730 38108745
mul(93,328) 30504 38139249
mul(13,796) 10348 38149597
38149597
38149597
mul(264,546) 144144 38293741
mul(493,128) 63104 38356845
mul(343,192) 65856 38422701
mul(293,584) 171112 38593813
38593813
38593813
38593813
mul(679,478) 324562 38918375
mul(435,924) 401940 39320315
mul(840,427) 358680 39678995
mul(188,195) 36660 39715655
mul(187,258) 48246 39763901
mul(488,233) 113704 39877605
mul(567,681) 386127 40263732
mul(72,236) 16992 40280724
mul(44,340) 14960 40295684
mul(480,990) 475200 40770884
mul(951,330) 313830 41084714
mul(474,877) 415698 41500412
mul(123,577) 70971 41571383
mul(828,17) 14076 41585459
mul(346,649) 224554 41810013
mul(568,77) 43736 41853749
mul(582,991) 576762 42430511
mul(93,912) 84816 42515327
mul(656,124) 81344 42596671
42596671
42596671
42596671
mul(670,136) 91120 42687791
mul(772,839) 647708 43335499
43335499
43335499
mul(226,613) 138538 43474037
mul(17,675) 11475 43485512
mul(742,231) 171402 43656914
mul(939,499) 468561 44125475
mul(886,585) 518310 44643785
mul(981,9) 8829 44652614
mul(419,998) 418162 45070776
mul(956,749) 716044 45786820
mul(833,88) 73304 45860124
mul(479,932) 446428 46306552
mul(346,663) 229398 46535950
mul(884,485) 428740 46964690
mul(674,41) 27634 46992324
mul(729,49) 35721 47028045
mul(650,61) 39650 47067695
mul(754,933) 703482 47771177
mul(282,10) 2820 47773997
47773997
47773997
47773997
47773997
47773997
47773997
47773997
47773997
47773997
mul(226,734) 165884 47939881
mul(299,672) 200928 48140809
mul(625,138) 86250 48227059
mul(632,537) 339384 48566443
mul(843,911) 767973 49334416
mul(971,930) 903030 50237446
mul(379,738) 279702 50517148
mul(605,986) 596530 51113678
51113678
51113678
mul(923,617) 569491 51683169
mul(912,466) 424992 52108161
52108161
52108161
52108161
52108161
mul(27,646) 17442 52125603
mul(274,404) 110696 52236299
52236299
52236299
mul(802,218) 174836 52411135
mul(617,216) 133272 52544407
mul(175,451) 78925 52623332
mul(690,299) 206310 52829642
mul(160,763) 122080 52951722
mul(640,728) 465920 53417642
mul(372,201) 74772 53492414
53492414
53492414
53492414
53492414
mul(759,862) 654258 54146672
mul(334,129) 43086 54189758
mul(305,664) 202520 54392278
54392278
54392278
54392278
mul(362,131) 47422 54439700
mul(269,256) 68864 54508564
mul(413,139) 57407 54565971
mul(982,406) 398692 54964663
mul(165,136) 22440 54987103
mul(616,183) 112728 55099831
mul(481,602) 289562 55389393
mul(955,919) 877645 56267038
mul(138,856) 118128 56385166
mul(473,439) 207647 56592813
mul(676,123) 83148 56675961
mul(804,539) 433356 57109317
mul(748,674) 504152 57613469
mul(677,349) 236273 57849742
mul(194,35) 6790 57856532
mul(127,110) 13970 57870502
mul(596,30) 17880 57888382
57888382
57888382
mul(167,577) 96359 57984741
57984741
57984741
mul(981,462) 453222 58437963
58437963
58437963
mul(387,979) 378873 58816836
mul(387,101) 39087 58855923
mul(501,522) 261522 59117445
mul(383,636) 243588 59361033
mul(939,604) 567156 59928189
mul(316,431) 136196 60064385
mul(220,730) 160600 60224985
mul(864,202) 174528 60399513
mul(806,858) 691548 61091061
mul(892,860) 767120 61858181
mul(565,627) 354255 62212436
mul(320,275) 88000 62300436
mul(183,360) 65880 62366316
mul(270,366) 98820 62465136
62465136
62465136
mul(491,377) 185107 62650243
mul(478,743) 355154 63005397
mul(464,509) 236176 63241573
mul(837,217) 181629 63423202
mul(921,229) 210909 63634111
63634111
63634111
mul(45,689) 31005 63665116
mul(903,906) 818118 64483234
mul(213,893) 190209 64673443
mul(47,426) 20022 64693465
64693465
mul(514,953) 489842 65183307
mul(143,932) 133276 65316583
mul(990,283) 280170 65596753
mul(755,667) 503585 66100338
mul(474,41) 19434 66119772
66119772
66119772
mul(224,420) 94080 66213852
mul(789,459) 362151 66576003
mul(466,822) 383052 66959055
mul(263,647) 170161 67129216
mul(570,585) 333450 67462666
mul(474,591) 280134 67742800
mul(2,90) 180 67742980
mul(517,561) 290037 68033017
mul(510,855) 436050 68469067
mul(485,191) 92635 68561702
mul(238,765) 182070 68743772
mul(606,527) 319362 69063134
mul(446,167) 74482 69137616
mul(445,372) 165540 69303156
mul(142,440) 62480 69365636
mul(687,94) 64578 69430214
mul(297,299) 88803 69519017
mul(381,157) 59817 69578834
mul(711,860) 611460 70190294
mul(18,464) 8352 70198646
mul(340,143) 48620 70247266
mul(698,326) 227548 70474814
mul(185,42) 7770 70482584
mul(717,45) 32265 70514849
mul(268,887) 237716 70752565
mul(896,967) 866432 71618997
mul(29,886) 25694 71644691
mul(802,796) 638392 72283083
mul(373,685) 255505 72538588
mul(834,143) 119262 72657850
mul(30,941) 28230 72686080
72686080
72686080
72686080
mul(583,24) 13992 72700072
mul(522,711) 371142 73071214
mul(659,520) 342680 73413894
mul(688,528) 363264 73777158
mul(951,800) 760800 74537958
mul(491,196) 96236 74634194
mul(914,415) 379310 75013504
mul(766,281) 215246 75228750
mul(837,935) 782595 76011345
mul(477,874) 416898 76428243
mul(764,685) 523340 76951583
mul(162,27) 4374 76955957
mul(64,768) 49152 77005109
mul(172,905) 155660 77160769
mul(686,898) 616028 77776797
mul(498,986) 491028 78267825
mul(643,131) 84233 78352058
mul(680,179) 121720 78473778
mul(867,917) 795039 79268817
mul(123,614) 75522 79344339
mul(749,681) 510069 79854408
mul(162,11) 1782 79856190
mul(170,845) 143650 79999840
mul(363,18) 6534 80006374
mul(200,237) 47400 80053774
mul(203,934) 189602 80243376
mul(942,540) 508680 80752056
mul(488,295) 143960 80896016
mul(127,140) 17780 80913796
mul(347,470) 163090 81076886
81076886
81076886
mul(266,243) 64638 81141524
mul(247,211) 52117 81193641
mul(145,389) 56405 81250046
mul(382,956) 365192 81615238
mul(970,955) 926350 82541588
mul(310,784) 243040 82784628
mul(269,773) 207937 82992565
mul(584,906) 529104 83521669
mul(754,294) 221676 83743345
83743345
83743345
83743345
mul(946,450) 425700 84169045
84169045
84169045
mul(593,963) 571059 84740104
mul(184,787) 144808 84884912
mul(369,262) 96678 84981590
mul(960,324) 311040 85292630
85292630
85292630
85292630
mul(616,643) 396088 85688718
mul(774,235) 181890 85870608
85870608
85870608
85870608
85870608
85870608
mul(635,559) 354965 86225573
mul(119,665) 79135 86304708
mul(702,720) 505440 86810148
mul(127,989) 125603 86935751
mul(833,931) 775523 87711274
mul(165,144) 23760 87735034
mul(876,422) 369672 88104706
mul(202,475) 95950 88200656
mul(25,855) 21375 88222031
mul(50,883) 44150 88266181
88266181
88266181
88266181
mul(95,166) 15770 88281951
mul(4,36) 144 88282095
mul(716,650) 465400 88747495
mul(176,861) 151536 88899031
mul(345,935) 322575 89221606
mul(858,985) 845130 90066736
mul(845,922) 779090 90845826
mul(881,569) 501289 91347115
mul(358,797) 285326 91632441
mul(516,571) 294636 91927077
mul(226,334) 75484 92002561
mul(311,634) 197174 92199735
mul(96,221) 21216 92220951
mul(495,880) 435600 92656551
mul(514,411) 211254 92867805
mul(876,885) 775260 93643065
mul(491,922) 452702 94095767
mul(598,731) 437138 94532905
mul(574,551) 316274 94849179
mul(836,195) 163020 95012199
mul(799,133) 106267 95118466
mul(390,782) 304980 95423446
mul(900,205) 184500 95607946
mul(805,770) 619850 96227796
mul(876,688) 602688 96830484
mul(584,620) 362080 97192564
mul(917,463) 424571 97617135
mul(16,596) 9536 97626671
mul(251,417) 104667 97731338
mul(184,265) 48760 97780098
mul(472,681) 321432 98101530
98101530
98101530
mul(211,162) 34182 98135712
mul(272,42) 11424 98147136
mul(887,322) 285614 98432750
mul(700,954) 667800 99100550
mul(420,32) 13440 99113990
mul(782,2) 1564 99115554
mul(742,809) 600278 99715832
mul(176,438) 77088 99792920
mul(365,870) 317550 100110470
mul(266,568) 151088 100261558
mul(995,844) 839780 101101338
mul(206,566) 116596 101217934
mul(477,631) 300987 101518921
101518921
101518921
mul(715,209) 149435 101668356
101668356
101668356
101668356
mul(695,731) 508045 102176401
mul(180,470) 84600 102261001
mul(699,904) 631896 102892897
mul(598,451) 269698 103162595
mul(22,310) 6820 103169415
mul(65,130) 8450 103177865
103177865
103177865
103177865
mul(433,800) 346400 103524265
mul(546,657) 358722 103882987
103882987
103882987
mul(925,978) 904650 104787637
mul(991,829) 821539 105609176
mul(202,773) 156146 105765322
mul(600,632) 379200 106144522
mul(254,667) 169418 106313940
106313940
mul(865,453) 391845 106705785
mul(813,642) 521946 107227731
mul(817,115) 93955 107321686
mul(430,489) 210270 107531956
mul(291,912) 265392 107797348
mul(86,762) 65532 107862880
mul(695,56) 38920 107901800
mul(893,928) 828704 108730504
mul(50,956) 47800 108778304
108778304
